image_width: 1280
image_height: 1024
camera_name: narrow_stereo
camera_matrix:
  rows: 3
  cols: 3
  data: [857.490207, 0.000000, 638.507823, 0.000000, 910.931762, 428.602788, 0.000000, 0.000000, 1.000000]
distortion_model: plumb_bob
distortion_coefficients:
  rows: 1
  cols: 5
  data: [-0.328358, 0.090539, 0.005153, -0.003635, 0.000000]
rectification_matrix:
  rows: 3
  cols: 3
  data: [1.000000, 0.000000, 0.000000, 0.000000, 1.000000, 0.000000, 0.000000, 0.000000, 1.000000]
projection_matrix:
  rows: 3
  cols: 4
  data: [661.065002, 0.000000, 623.395973, 0.000000, 0.000000, 795.387390, 410.876703, 0.000000, 0.000000, 0.000000, 1.000000, 0.000000]
