image_width: 1280
image_height: 960
camera_name: narrow_stereo
camera_matrix:
  rows: 3
  cols: 3
  data: [1423.956462, 0.000000, 619.997136, 0.000000, 1428.537719, 496.484309, 0.000000, 0.000000, 1.000000]
distortion_model: plumb_bob
distortion_coefficients:
  rows: 1
  cols: 5
  data: [-0.049671, 0.034565, 0.001532, -0.000687, 0.000000]
rectification_matrix:
  rows: 3
  cols: 3
  data: [1.000000, 0.000000, 0.000000, 0.000000, 1.000000, 0.000000, 0.000000, 0.000000, 1.000000]
projection_matrix:
  rows: 3
  cols: 4
  data: [1410.332520, 0.000000, 618.601732, 0.000000, 0.000000, 1419.378662, 496.881296, 0.000000, 0.000000, 0.000000, 1.000000, 0.000000]
